800	37.790916
800.47638	35.995331
800.95276	34.167625
801.42914	37.834812
801.90552	35.752789
802.3819	33.185795
802.85828	34.937862
803.33466	34.109337
803.81104	36.488426
804.28741	39.629856
804.76379	38.877075
805.24017	36.448879
805.71655	36.216572
806.19293	36.341873
806.66931	37.573421
807.14569	39.341915
807.62207	42.355419
808.09845	37.369598
808.57483	36.797894
809.05121	39.747417
809.52759	37.952915
810.00397	38.04184
810.48035	40.064861
810.95673	40.62838
811.43311	41.804211
811.90948	42.600418
812.38586	39.083511
812.86224	39.342682
813.33862	38.42065
813.815	38.819641
814.29138	38.587418
814.76776	38.006233
815.24414	39.039238
815.72052	39.399479
816.1969	37.667469
816.67328	35.878544
817.14966	35.54443
817.62604	36.285229
818.10242	39.143547
818.5788	37.365105
819.05518	35.296886
819.53156	33.086548
820.00793	41.126186
820.48431	41.037945
820.96069	37.660759
821.43707	36.596981
821.91345	36.861431
822.38983	36.706314
822.86621	35.977673
823.34259	35.962524
823.81897	38.353592
824.29535	37.476353
824.77173	37.651127
825.24811	38.931274
825.72449	37.210896
826.20087	35.196621
826.67725	34.803997
827.15363	37.605957
827.63	37.971107
828.10638	37.272099
828.58276	37.456676
829.05914	37.61462
829.53552	38.878506
830.0119	37.758675
830.48828	36.472431
830.96466	36.548122
831.44104	35.516754
831.91742	35.662868
832.3938	36.200233
832.87018	36.866829
833.34656	34.035015
833.82294	35.270416
834.29932	38.726501
834.7757	38.068451
835.25208	37.138847
835.72845	38.671017
836.20483	36.389156
836.68121	38.409462
837.15759	40.392719
837.63397	35.272373
838.11035	40.324417
838.58673	40.135883
839.06311	36.87965
839.53949	36.954632
840.01587	38.900185
840.49225	36.740135
840.96863	34.334129
841.44501	36.895447
841.92139	34.274479
842.39777	34.335136
842.87415	37.308868
843.35052	32.177982
843.8269	37.542561
844.30328	35.763817
844.77966	38.797646
845.25604	40.006084
845.73242	39.999969
846.2088	39.317287
846.68518	36.703373
847.16156	34.94215
847.63794	36.574238
848.11432	36.591125
848.5907	36.342873
849.06708	35.249542
849.54346	38.77219
850.01984	35.98793
850.49622	36.098637
850.9726	34.817287
851.44897	36.548058
851.92535	36.766918
852.40173	36.784756
852.87811	37.0009
853.35449	35.196712
853.83087	34.555382
854.30725	37.241924
854.78363	35.059021
855.26001	34.136688
855.73639	33.07399
856.21277	35.888184
856.68915	33.947857
857.16553	34.373852
857.64191	35.705383
858.11829	38.092659
858.59467	35.665482
859.07104	34.918285
859.54742	36.538826
860.0238	33.163109
860.50018	35.202679
860.97656	36.523872
861.45294	36.733032
861.92932	34.352077
862.4057	35.034298
862.88208	37.190975
863.35846	38.732647
863.83484	39.735626
864.31122	39.58305
864.7876	37.795414
865.26398	35.955959
865.74036	35.253906
866.21674	35.951332
866.69312	37.840881
867.16949	37.742664
867.64587	36.472942
868.12225	39.317131
868.59863	38.588787
869.07501	34.811924
869.55139	34.80109
870.02777	33.233154
870.50415	36.941906
870.98053	36.23027
871.45691	36.260921
871.93329	38.533298
872.40967	38.427021
872.88605	37.624115
873.36243	35.208767
873.83881	35.417244
874.31519	33.3741
874.79156	35.946018
875.26794	37.365986
875.74432	33.477734
876.2207	37.828949
876.69708	40.280369
877.17346	38.703205
877.64984	36.651581
878.12622	36.653709
878.6026	36.763878
879.07898	35.92112
879.55536	36.483192
880.03174	36.742088
880.50812	34.58503
880.9845	36.087212
881.46088	39.053204
881.93726	39.681137
882.41364	34.290211
882.89001	35.903343
883.36639	36.869781
883.84277	37.525673
884.31915	38.692917
884.79553	37.958977
885.27191	35.461021
885.74829	35.015553
886.22467	36.843449
886.70105	36.079933
887.17743	35.513897
887.65381	39.877243
888.13019	36.302727
888.60657	36.614349
889.08295	39.595379
889.55933	39.58461
890.03571	35.427994
890.51208	35.158245
890.98846	36.990173
891.46484	36.119656
891.94122	32.805195
892.4176	32.680607
892.89398	36.832699
893.37036	34.855408
893.84674	33.125046
894.32312	35.701763
894.7995	35.285126
895.27588	33.346016
895.75226	34.529636
896.22864	35.273102
896.70502	34.880665
897.1814	35.033241
897.65778	36.334595
898.13416	38.880028
898.61053	39.281693
899.08691	34.396339
899.56329	29.926998
900.03967	33.603745
900.51605	36.215679
900.99243	33.256264
901.46881	36.732906
901.94519	36.411358
902.42157	34.046074
902.89795	35.190781
903.37433	36.254627
903.85071	36.743515
904.32709	37.67226
904.80347	36.241535
905.27985	35.610729
905.75623	37.257454
906.2326	38.295467
906.70898	38.092072
907.18536	30.745466
907.66174	35.381245
908.13812	37.556438
908.6145	33.180035
909.09088	35.728512
909.56726	36.83218
910.04364	38.773209
910.52002	36.677567
910.9964	35.200493
911.47278	38.62484
911.94916	41.326286
912.42554	38.739197
912.90192	35.47699
913.3783	36.156033
913.85468	37.211803
914.33105	35.621189
914.80743	36.340424
915.28381	37.513866
915.76019	39.196503
916.23657	34.327908
916.71295	35.879925
917.18933	40.596981
917.66571	37.705395
918.14209	38.620144
918.61847	38.053955
919.09485	35.624649
919.57123	33.210239
920.04767	31.686586
920.52405	35.776962
921.00043	38.706867
921.47681	40.250771
921.95319	39.716793
922.42957	34.538792
922.90594	31.861746
923.38232	36.27161
923.8587	35.599339
924.33508	37.556351
924.81146	39.587578
925.28784	39.861565
925.76422	38.947079
926.2406	37.87746
926.71698	37.993561
927.19336	38.630672
927.66974	38.729496
928.14612	39.935753
928.6225	38.205887
929.09888	36.644302
929.57526	37.944092
930.05164	37.612339
930.52802	35.139931
931.00439	39.048939
931.48077	40.831829
931.95715	38.697334
932.43353	37.245129
932.90991	36.038059
933.38629	38.257629
933.86267	38.084793
934.33905	36.384052
934.81543	39.628147
935.29181	36.74028
935.76819	36.281605
936.24457	40.538342
936.72095	39.224728
937.19733	34.953682
937.67371	39.426292
938.15009	37.270981
938.62646	39.76862
939.10284	37.23875
939.57922	34.169296
940.0556	36.351547
940.53198	40.044556
941.00836	40.686195
941.48474	38.402145
941.96112	37.558342
942.4375	40.552071
942.91388	41.434818
943.39026	38.787155
943.86664	36.82629
944.34302	37.343655
944.8194	41.034733
945.29578	35.48848
945.77216	36.788673
946.24854	36.203262
946.72491	39.572147
947.20129	36.883759
947.67767	37.389038
948.15405	40.59967
948.63043	41.476189
949.10681	43.288712
949.58319	44.725922
950.05957	39.484398
950.53595	35.988335
951.01233	40.953709
951.48871	40.824955
951.96509	39.863899
952.44147	38.853539
952.91785	39.123077
953.39423	37.959274
953.87061	39.518364
954.34698	39.864037
954.82336	39.656807
955.29974	38.455639
955.77612	39.024525
956.2525	39.930157
956.72888	39.557686
957.20526	38.786369
957.68164	38.022598
958.15802	39.93132
958.6344	38.494385
959.11078	39.683483
959.58716	45.030773
960.06354	42.796848
960.53992	35.997475
961.0163	38.755978
961.49268	37.721302
961.96906	42.330692
962.44543	40.625088
962.92181	39.790684
963.39819	40.698086
963.87457	40.966557
964.35095	40.321415
964.82733	41.661442
965.30371	42.851589
965.78009	37.894978
966.25647	43.54715
966.73285	44.569584
967.20923	39.81855
967.68561	45.036358
968.16199	42.244392
968.63837	42.071743
969.11475	42.394897
969.59113	40.259548
970.0675	41.337692
970.54388	39.071686
971.02026	40.026199
971.49664	43.601635
971.97302	44.854172
972.4494	43.650337
972.92578	43.384644
973.40216	43.945503
973.87854	41.820232
974.35492	45.611969
974.8313	42.060635
975.30768	37.563251
975.78406	42.016361
976.26044	40.245403
976.73682	36.159927
977.2132	37.987751
977.68958	37.777977
978.16595	41.462868
978.64233	42.999622
979.11871	41.966721
979.59509	41.627071
980.07147	41.715183
980.54785	41.518505
981.02423	40.956829
981.50061	41.047935
981.97699	43.953484
982.45337	43.460491
982.92975	45.416668
983.40613	42.396393
983.88251	44.63591
984.35889	42.506485
984.83527	41.992088
985.31165	42.783554
985.78802	42.937656
986.2644	43.447784
986.74078	40.956409
987.21716	42.527584
987.69354	44.620319
988.16992	40.886101
988.6463	38.605038
989.12268	40.738895
989.59906	41.461758
990.07544	43.994717
990.55182	43.017891
991.0282	40.680294
991.50458	43.194649
991.98096	43.549393
992.45734	41.288498
992.93372	39.870129
993.4101	37.505085
993.88647	42.843781
994.36285	39.336235
994.83923	41.497238
995.31561	40.645885
995.79199	41.934505
996.26837	44.43631
996.74475	41.728142
997.22113	39.402584
997.69751	42.372959
998.17389	42.190727
998.65027	39.01844
999.12665	44.605854
999.60303	42.031368
1000.0794	41.570759
1000.5558	39.836464
1001.0322	42.302147
1001.5085	42.805546
1001.9849	42.463909
1002.4613	44.531273
1002.9377	43.272617
1003.4141	44.729534
1003.8904	42.156757
1004.3668	41.822327
1004.8432	41.545124
1005.3196	41.222637
1005.796	41.09441
1006.2723	39.663742
1006.7487	40.798965
1007.2251	42.786125
1007.7015	43.308151
1008.1779	40.41515
1008.6542	39.903465
1009.1306	43.260731
1009.607	40.947018
1010.0834	40.499283
1010.5598	42.053967
1011.0361	41.425331
1011.5125	39.391815
1011.9889	40.916466
1012.4653	40.445107
1012.9417	44.197945
1013.418	45.919655
1013.8944	43.48111
1014.3708	42.423351
1014.8472	42.646599
1015.3235	42.628838
1015.7999	44.00877
1016.2763	43.17297
1016.7527	38.545525
1017.2291	41.283657
1017.7054	43.00856
1018.1818	46.228302
1018.6582	40.447201
1019.1346	46.743507
1019.611	43.21632
1020.0873	37.261299
1020.5637	44.104305
1021.0401	42.734684
1021.5165	41.385391
1021.9929	42.433472
1022.4692	45.098236
1022.9456	45.243622
1023.422	45.252285
1023.8984	44.921955
1024.3748	41.929371
1024.8511	43.525753
1025.3275	44.640869
1025.8038	39.630642
1026.2803	40.131027
1026.7566	43.3116
1027.233	43.371021
1027.7094	43.580669
1028.1858	46.951168
1028.6621	46.379223
1029.1385	42.58403
1029.6149	44.905418
1030.0913	42.525623
1030.5676	41.363609
1031.0441	42.571072
1031.5204	42.440193
1031.9968	42.611599
1032.4731	42.107437
1032.9496	42.041489
1033.4259	44.700241
1033.9023	45.754932
1034.3787	44.944599
1034.8551	46.781113
1035.3314	48.940662
1035.8079	44.788395
1036.2842	44.863998
1036.7606	39.278633
1037.2369	49.932487
1037.7134	44.558678
1038.1897	41.734707
1038.6661	49.614819
1039.1425	46.083561
1039.6189	44.862465
1040.0953	45.644005
1040.5717	47.262142
1041.0481	49.187325
1041.5244	45.437893
1042.0009	43.513763
1042.4772	45.724422
1042.9536	46.086643
1043.4299	46.222412
1043.9064	44.663708
1044.3827	46.457848
1044.8591	49.691525
1045.3354	43.191715
1045.8119	46.295719
1046.2882	53.09708
1046.7646	47.360161
1047.241	44.165604
1047.7174	45.068771
1048.1937	45.816265
1048.6702	46.671005
1049.1465	46.7155
1049.6229	45.489754
1050.0992	43.337292
1050.5757	44.824997
1051.052	47.780102
1051.5284	46.465714
1052.0048	46.116028
1052.4812	48.829365
1052.9575	47.452225
1053.434	44.607281
1053.9103	45.496868
1054.3867	46.041031
1054.863	46.809395
1055.3395	47.055492
1055.8158	47.587833
1056.2922	52.206421
1056.7686	51.267334
1057.245	48.770668
1057.7213	45.683754
1058.1978	48.7075
1058.6741	47.823612
1059.1505	48.890213
1059.6268	47.163647
1060.1033	45.231651
1060.5796	41.848515
1061.056	41.935577
1061.5323	45.598083
1062.0088	48.143337
1062.4851	47.999462
1062.9615	46.852749
1063.4379	47.114956
1063.9143	47.773464
1064.3906	47.443985
1064.8671	50.238098
1065.3434	50.291794
1065.8198	46.197845
1066.2961	52.028168
1066.7726	49.905098
1067.2489	49.452114
1067.7253	48.877228
1068.2017	48.68565
1068.6781	49.802319
1069.1544	52.255074
1069.6309	49.252304
1070.1072	49.441502
1070.5836	44.623234
1071.0599	44.65995
1071.5364	47.853996
1072.0127	47.601376
1072.4891	46.801891
1072.9655	49.4977
1073.4419	51.612438
1073.9182	50.594261
1074.3947	50.314423
1074.871	47.48325
1075.3474	49.160122
1075.8237	48.664028
1076.3002	46.269241
1076.7765	48.769379
1077.2529	44.77581
1077.7292	47.853966
1078.2057	50.865372
1078.682	44.987301
1079.1584	50.73703
1079.6348	49.541042
1080.1112	49.366524
1080.5875	48.241264
1081.064	49.946404
1081.5403	49.654049
1082.0167	45.774261
1082.493	46.434502
1082.9695	47.581169
1083.4458	48.651085
1083.9222	49.69968
1084.3986	48.481926
1084.875	51.816826
1085.3513	54.897705
1085.8278	52.030708
1086.3041	47.041077
1086.7805	52.381897
1087.2568	50.497692
1087.7333	47.93079
1088.2096	53.013981
1088.686	55.508984
1089.1624	53.535809
1089.6388	54.265736
1090.1151	49.683208
1090.5916	52.420971
1091.0679	47.484253
1091.5443	50.469841
1092.0206	53.329319
1092.4971	52.639835
1092.9734	49.352039
1093.4498	53.603073
1093.9261	54.328651
1094.4026	50.116207
1094.8789	50.735634
1095.3553	51.925697
1095.8317	50.69109
1096.3081	51.82991
1096.7844	53.5163
1097.2609	49.925472
1097.7372	49.063248
1098.2136	49.741016
1098.6899	51.29829
1099.1664	53.481518
1099.6427	50.60284
1100.1191	53.93742
1100.5955	55.213039
1101.0719	55.425972
1101.5482	51.943527
1102.0247	50.747009
1102.501	53.285347
1102.9774	47.382835
1103.4537	52.74115
1103.9302	51.018768
1104.4065	52.656319
1104.8829	52.058231
1105.3593	53.548695
1105.8357	54.753094
1106.312	51.98518
1106.7885	54.388168
1107.2648	55.496803
1107.7412	52.591236
1108.2175	55.815258
1108.694	52.401466
1109.1703	56.539116
1109.6467	55.321564
1110.123	56.759071
1110.5995	56.981823
1111.0758	56.594906
1111.5522	55.419975
1112.0286	57.357109
1112.505	51.037582
1112.9813	53.071537
1113.4578	57.484119
1113.9341	51.93816
1114.4105	55.688431
1114.8868	49.902225
1115.3633	51.988823
1115.8396	51.280239
1116.316	57.394344
1116.7924	59.620274
1117.2688	55.983406
1117.7451	53.023148
1118.2216	55.28167
1118.6979	56.262394
1119.1743	53.425621
1119.6506	56.672707
1120.1271	60.999237
1120.6034	58.996719
1121.0798	59.893692
1121.5562	57.757011
1122.0326	59.361546
1122.5089	59.841125
1122.9854	56.257931
1123.4617	55.378841
1123.9381	56.947849
1124.4144	55.735561
1124.8909	60.231735
1125.3672	58.553627
1125.8436	56.195614
1126.3199	59.115005
1126.7964	58.784538
1127.2727	48.61396
1127.7491	52.094727
1128.2255	57.010269
1128.7019	56.929348
1129.1782	55.332188
1129.6547	52.72488
1130.131	56.864307
1130.6074	57.396656
1131.0837	55.643475
1131.5602	55.938652
1132.0365	59.399639
1132.5129	60.126301
1132.9893	53.731819
1133.4657	55.468193
1133.942	53.42131
1134.4185	53.066795
1134.8948	57.011559
1135.3712	53.79142
1135.8475	56.799294
1136.324	57.848633
1136.8003	60.100147
1137.2767	56.30685
1137.7531	53.329632
1138.2295	53.546612
1138.7058	55.795116
1139.1823	59.126255
1139.6586	60.127361
1140.135	57.07642
1140.6113	58.229465
1141.0878	58.152737
1141.5641	55.007637
1142.0405	54.011009
1142.5168	56.417477
1142.9933	58.183281
1143.4696	56.711693
1143.946	53.879047
1144.4224	52.332237
1144.8988	55.107197
1145.3751	59.888863
1145.8516	59.615887
1146.3279	59.726295
1146.8043	63.786129
1147.2806	61.130764
1147.7571	57.77055
1148.2334	57.110233
1148.7098	60.169567
1149.1862	56.801437
1149.6626	54.993668
1150.1389	65.55629
1150.6154	61.071156
1151.0917	62.11356
1151.5681	57.345234
1152.0444	62.181744
1152.5209	64.0112
1152.9972	55.633186
1153.4736	61.167866
1153.95	54.407421
1154.4264	59.397797
1154.9027	56.789875
1155.3792	55.795822
1155.8555	59.992672
1156.3319	60.55471
1156.8082	60.420612
1157.2847	63.809021
1157.761	63.359665
1158.2374	63.743649
1158.7137	60.893349
1159.1902	59.707588
1159.6665	63.02853
1160.1429	63.347324
1160.6193	63.979473
1161.0957	66.058693
1161.572	65.776718
1162.0485	62.471619
1162.5248	57.708042
1163.0012	62.847328
1163.4775	63.55439
1163.954	60.560661
1164.4303	60.954914
1164.9067	65.230743
1165.3831	58.908775
1165.8595	61.369156
1166.3358	62.411037
1166.8123	62.102467
1167.2886	63.808582
1167.765	62.3634
1168.2413	64.935471
1168.7178	65.44062
1169.1941	67.000679
1169.6705	62.561207
1170.1469	65.685448
1170.6233	59.19857
1171.0996	65.649773
1171.576	64.992447
1172.0524	65.475815
1172.5288	63.932617
1173.0051	64.878403
1173.4816	61.980484
1173.9579	59.693569
1174.4343	59.217834
1174.9106	57.520302
1175.3871	60.432957
1175.8634	65.677559
1176.3398	67.577568
1176.8162	69.539421
1177.2926	67.216148
1177.7689	62.63205
1178.2454	68.149925
1178.7217	65.224457
1179.1981	65.620247
1179.6744	65.638924
1180.1509	69.930725
1180.6272	74.36422
1181.1036	68.086037
1181.58	65.088928
1182.0564	63.78788
1182.5327	71.313164
1183.0092	70.015533
1183.4855	60.785629
1183.9619	64.463715
1184.4382	64.597847
1184.9147	65.556633
1185.391	69.842209
1185.8674	69.245491
1186.3438	67.846092
1186.8202	62.017048
1187.2965	66.320686
1187.7729	67.665695
1188.2493	67.854218
1188.7257	66.437363
1189.202	68.325584
1189.6785	67.03289
1190.1548	65.769371
1190.6312	69.62291
1191.1075	69.005165
1191.584	65.723137
1192.0603	70.963272
1192.5367	73.95755
1193.0131	66.917168
1193.4895	64.660271
1193.9658	68.851135
1194.4423	68.151657
1194.9186	66.830101
1195.395	70.339325
1195.8713	72.247696
1196.3478	73.539047
1196.8241	67.557999
1197.3005	71.357063
1197.7769	71.359215
1198.2533	66.892464
1198.7296	67.742073
1199.2061	69.756409
1199.6824	71.514709
1200.1588	74.963806
1200.6351	65.60598
1201.1116	67.850952
1201.5879	70.022537
1202.0643	69.505051
1202.5406	68.716698
1203.0171	67.069687
1203.4934	64.561371
1203.9698	68.776932
1204.4462	72.278389
1204.9226	74.626839
1205.3989	73.928741
1205.8754	71.82621
1206.3517	69.049606
1206.8281	68.495941
1207.3044	74.793076
1207.7809	78.920815
1208.2572	76.97113
1208.7336	71.84642
1209.21	70.050713
1209.6864	68.703087
1210.1627	72.424759
1210.6392	71.348152
1211.1155	72.375412
1211.5919	73.450859
1212.0682	72.756454
1212.5447	79.252899
1213.021	76.545082
1213.4974	72.645264
1213.9738	70.726402
1214.4502	70.924095
1214.9265	68.566551
1215.403	71.424042
1215.8793	73.28241
1216.3557	75.502159
1216.832	75.625641
1217.3085	72.208099
1217.7848	76.82547
1218.2612	72.48777
1218.7375	78.088692
1219.214	74.92038
1219.6903	75.693192
1220.1667	73.813194
1220.6431	74.238556
1221.1195	73.335632
1221.5958	70.919632
1222.0723	77.433334
1222.5486	75.152695
1223.025	74.000175
1223.5013	78.144447
1223.9778	73.646759
1224.4541	70.583008
1224.9305	70.98748
1225.4069	75.020599
1225.8833	76.959435
1226.3596	77.347015
1226.8361	80.119583
1227.3124	73.798439
1227.7888	79.015213
1228.2651	83.937225
1228.7416	79.440475
1229.2179	79.893051
1229.6943	77.206276
1230.1707	73.220459
1230.6471	75.646317
1231.1234	79.624748
1231.5999	80.265228
1232.0762	79.11499
1232.5526	75.353027
1233.0289	74.323013
1233.5054	76.305458
1233.9817	77.284599
1234.4581	78.558563
1234.9344	81.079353
1235.4109	85.778076
1235.8872	86.071167
1236.3636	85.115166
1236.84	76.275772
1237.3164	75.313614
1237.7927	78.439659
1238.2692	80.848534
1238.7455	78.812683
1239.2219	81.243469
1239.6982	80.393684
1240.1747	75.421097
1240.651	77.362358
1241.1274	79.23494
1241.6038	84.522438
1242.0802	82.817871
1242.5565	80.208313
1243.033	78.862762
1243.5093	78.754944
1243.9857	83.393417
1244.462	88.55986
1244.9385	79.394791
1245.4148	86.095993
1245.8912	82.619881
1246.3676	85.853691
1246.844	88.40416
1247.3203	84.052673
1247.7968	84.324615
1248.2731	83.753296
1248.7495	83.426323
1249.2258	80.254456
1249.7023	87.753754
1250.1786	89.088524
1250.655	82.923538
1251.1313	81.986031
1251.6078	82.958847
1252.0841	89.055527
1252.5605	86.772247
1253.0369	88.57518
1253.5133	85.711128
1253.9896	85.042694
1254.4661	81.786591
1254.9424	81.135864
1255.4188	85.452545
1255.8951	84.973816
1256.3716	87.355392
1256.8479	85.880547
1257.3243	85.330162
1257.8007	87.774963
1258.2771	89.238876
1258.7534	91.694031
1259.2299	92.031998
1259.7062	89.783432
1260.1826	85.891693
1260.6589	87.125786
1261.1354	88.901596
1261.6117	89.029877
1262.0881	91.344475
1262.5645	83.712372
1263.0409	87.622719
1263.5172	90.109497
1263.9937	82.289894
1264.47	89.734314
1264.9464	90.374466
1265.4227	87.645706
1265.8992	89.577446
1266.3755	86.522232
1266.8519	86.697388
1267.3282	84.249954
1267.8047	83.941528
1268.281	84.124649
1268.7574	87.674644
1269.2338	94.780617
1269.7102	90.275368
1270.1865	86.311989
1270.663	88.390518
1271.1393	89.164894
1271.6157	93.227303
1272.092	90.808907
1272.5685	97.028061
1273.0448	88.915085
1273.5212	94.228943
1273.9976	90.614174
1274.474	94.236404
1274.9503	92.39402
1275.4268	95.42926
1275.9031	90.773552
1276.3795	93.440392
1276.8558	90.2733
1277.3323	90.12764
1277.8086	88.236626
1278.285	94.943085
1278.7614	92.901772
1279.2378	91.443871
1279.7141	93.374054
1280.1906	95.382996
1280.667	93.694145
1281.1433	94.329468
1281.6198	93.962769
1282.0961	94.952461
1282.5725	94.374405
1283.0488	91.315086
1283.5253	94.579544
1284.0016	98.380096
1284.478	97.217522
1284.9543	97.988167
1285.4308	97.354744
1285.9071	99.30764
1286.3835	97.348068
1286.8599	95.31749
1287.3363	94.627228
1287.8126	93.753082
1288.2891	94.320099
1288.7654	98.513649
1289.2418	95.052879
1289.7181	91.804665
1290.1946	97.187134
1290.6709	98.496094
1291.1473	101.42481
1291.6237	94.61528
1292.1001	98.375488
1292.5764	99.247635
1293.0529	95.942947
1293.5292	96.944855
1294.0056	98.515274
1294.4819	96.953873
1294.9584	99.981873
1295.4347	97.892639
1295.9111	99.31575
1296.3875	99.371017
1296.8639	98.131157
1297.3402	100.61931
1297.8167	101.89279
1298.293	102.40455
1298.7694	101.62062
1299.2457	95.988159
1299.7222	98.653
1300.1985	102.72257
1300.6749	103.25665
1301.1512	99.500931
1301.6277	99.179329
1302.104	101.27222
1302.5804	102.45544
1303.0568	102.49467
1303.5332	104.2886
1304.0095	99.611763
1304.486	94.909866
1304.9623	97.210419
1305.4387	98.863029
1305.915	102.16157
1306.3915	104.46931
1306.8678	104.32166
1307.3442	101.9838
1307.8206	99.797493
1308.297	97.15126
1308.7733	99.005142
1309.2498	102.90794
1309.7261	99.522568
1310.2025	98.871559
1310.6788	102.33727
1311.1553	103.98208
1311.6316	105.14342
1312.108	104.89545
1312.5844	104.23586
1313.0608	100.159
1313.5371	104.31636
1314.0135	103.44396
1314.4899	105.60598
1314.9663	101.06133
1315.4426	105.80135
1315.9191	108.15561
1316.3954	105.31924
1316.8718	106.19192
1317.3481	106.99329
1317.8246	101.87222
1318.3009	105.18664
1318.7773	102.54797
1319.2537	106.08557
1319.7301	111.54483
1320.2064	104.33348
1320.6829	110.17104
1321.1592	108.50039
1321.6356	108.54266
1322.1119	111.76311
1322.5884	102.42508
1323.0647	101.79696
1323.5411	101.15308
1324.0175	106.91405
1324.4939	103.35391
1324.9702	106.3693
1325.4467	106.90794
1325.923	106.95245
1326.3994	108.53075
1326.8757	109.47266
1327.3522	109.1804
1327.8285	111.97426
1328.3049	109.51157
1328.7813	105.39557
1329.2577	107.04423
1329.734	105.68506
1330.2104	103.18022
1330.6868	108.68502
1331.1632	108.09825
1331.6395	105.24763
1332.116	109.39108
1332.5923	110.97522
1333.0687	112.38104
1333.545	110.97067
1334.0215	109.90327
1334.4978	107.72352
1334.9742	111.37971
1335.4506	115.91664
1335.927	110.38383
1336.4033	109.50098
1336.8798	108.70013
1337.3561	117.19388
1337.8325	115.77636
1338.3088	113.8379
1338.7853	107.5116
1339.2616	109.77872
1339.738	108.20632
1340.2144	111.86314
1340.6908	116.13665
1341.1671	113.48838
1341.6436	111.00317
1342.1199	109.8279
1342.5963	110.18693
1343.0726	121.71434
1343.5491	113.37109
1344.0254	112.92892
1344.5018	111.89842
1344.9781	115.14858
1345.4546	112.65384
1345.9309	116.46144
1346.4073	110.99025
1346.8837	114.42504
1347.3601	117.15586
1347.8364	109.35808
1348.3129	117.60524
1348.7892	110.20284
1349.2656	107.9832
1349.7419	116.85863
1350.2184	115.92603
1350.6947	119.18505
1351.1711	110.91566
1351.6475	112.79647
1352.1239	113.2533
1352.6002	112.86389
1353.0767	108.79984
1353.553	113.97026
1354.0294	118.01654
1354.5057	117.08533
1354.9822	121.6953
1355.4585	116.69478
1355.9349	112.96812
1356.4113	111.79758
1356.8877	118.92418
1357.364	114.70023
1357.8405	109.95415
1358.3168	115.84384
1358.7932	115.50976
1359.2695	117.13945
1359.746	111.27002
1360.2223	113.19626
1360.6987	118.15879
1361.175	120.01889
1361.6515	119.00079
1362.1278	120.66774
1362.6042	117.5394
1363.0806	117.04713
1363.557	120.4677
1364.0333	115.95414
1364.5098	115.23315
1364.9861	116.39228
1365.4625	112.12405
1365.9388	116.14664
1366.4153	120.70571
1366.8916	118.23376
1367.368	118.03745
1367.8444	116.51997
1368.3208	116.71404
1368.7971	116.97587
1369.2736	116.97549
1369.7499	121.18636
1370.2263	118.79871
1370.7026	118.85538
1371.1791	122.33649
1371.6554	126.17967
1372.1318	123.28632
1372.6082	120.22966
1373.0846	119.30431
1373.5609	118.80161
1374.0374	124.6012
1374.5137	120.60236
1374.9901	121.59145
1375.4664	122.86471
1375.9429	119.89598
1376.4192	116.90584
1376.8956	124.72105
1377.3719	123.82401
1377.8484	115.62363
1378.3247	119.55743
1378.8011	119.20709
1379.2775	119.2745
1379.7539	123.14782
1380.2302	120.71497
1380.7067	121.68575
1381.183	114.17738
1381.6594	126.04634
1382.1357	122.01723
1382.6122	122.09149
1383.0885	125.66911
1383.5649	125.90872
1384.0413	126.7796
1384.5177	123.27271
1384.994	123.24932
1385.4705	123.11808
1385.9468	125.63009
1386.4232	116.99992
1386.8995	123.96095
1387.376	128.50366
1387.8523	127.51974
1388.3287	125.15276
1388.8051	125.60125
1389.2815	133.97639
1389.7578	126.70717
1390.2343	126.93097
1390.7106	127.78297
1391.187	129.89063
1391.6633	131.50525
1392.1398	124.47588
1392.6161	127.5922
1393.0925	130.88808
1393.5688	128.3716
1394.0453	127.50212
1394.5216	125.17345
1394.998	130.96077
1395.4744	132.16225
1395.9508	134.48724
1396.4271	134.43341
1396.9036	124.1228
1397.3799	129.6909
1397.8563	127.77766
1398.3326	124.56171
1398.8091	134.91414
1399.2854	128.035
1399.7618	128.73886
1400.2382	133.41116
1400.7146	127.73427
1401.1909	125.40386
1401.6674	136.08586
1402.1437	126.83787
1402.6201	130.008
1403.0964	132.1075
1403.5729	136.14015
1404.0492	127.5732
1404.5256	123.53276
1405.002	125.73336
1405.4784	126.8281
1405.9547	128.64722
1406.4312	131.95966
1406.9075	130.11664
1407.3839	130.77057
1407.8602	132.774
1408.3367	132.6777
1408.813	135.43925
1409.2894	136.18344
1409.7657	125.72448
1410.2422	137.46489
1410.7185	134.27272
1411.1949	139.28093
1411.6713	132.3085
1412.1477	138.95641
1412.624	125.08286
1413.1005	129.80284
1413.5768	134.98976
1414.0532	134.67772
1414.5295	136.15088
1415.006	134.28268
1415.4823	134.08357
1415.9587	133.2737
1416.4351	126.58347
1416.9115	130.12479
1417.3878	141.11487
1417.8643	137.01642
1418.3406	140.06058
1418.817	139.07741
1419.2933	138.94576
1419.7698	133.86151
1420.2461	138.77527
1420.7225	137.49347
1421.1989	132.5927
1421.6753	136.94058
1422.1516	139.3167
1422.6281	136.41432
1423.1044	146.71782
1423.5808	147.0544
1424.0571	140.64938
1424.5336	139.79074
1425.0099	141.248
1425.4863	139.06937
1425.9626	139.83897
1426.4391	144.39047
1426.9154	145.8494
1427.3918	144.03407
1427.8682	143.9274
1428.3446	139.61485
1428.8209	144.60196
1429.2974	141.57114
1429.7737	136.11014
1430.2501	138.35638
1430.7264	137.67708
1431.2029	143.50543
1431.6792	145.47545
1432.1556	141.77153
1432.632	146.3398
1433.1084	140.90625
1433.5847	136.36024
1434.0612	142.31276
1434.5375	143.90642
1435.0139	139.81599
1435.4902	139.93282
1435.9667	143.39549
1436.443	149.85721
1436.9194	146.66289
1437.3958	144.32713
1437.8722	145.20004
1438.3485	147.11012
1438.825	148.14058
1439.3013	146.51755
1439.7777	147.65703
1440.254	147.16115
1440.7305	146.3864
1441.2068	147.13686
1441.6832	144.77266
1442.1595	147.91333
1442.636	152.17259
1443.1123	152.43855
1443.5887	149.8362
1444.0651	151.57143
1444.5415	148.43941
1445.0178	152.47159
1445.4943	148.65895
1445.9706	150.84686
1446.447	151.26364
1446.9233	144.86984
1447.3998	154.36247
1447.8761	142.76904
1448.3525	144.62259
1448.8289	149.19571
1449.3053	144.76225
1449.7816	148.80247
1450.2581	150.80499
1450.7344	150.4193
1451.2108	152.46819
1451.6871	152.73042
1452.1636	149.98296
1452.6399	150.47386
1453.1163	147.50938
1453.5927	146.81351
1454.0691	149.24168
1454.5454	153.32961
1455.0219	156.0909
1455.4982	151.40047
1455.9746	152.481
1456.4509	164.53075
1456.9274	155.53061
1457.4037	157.35109
1457.8801	157.11679
1458.3564	152.53485
1458.8329	151.37346
1459.3092	158.54729
1459.7856	159.19504
1460.262	156.42505
1460.7384	156.6754
1461.2147	148.59052
1461.6912	146.23492
1462.1675	149.90482
1462.6439	154.26558
1463.1202	152.00153
1463.5967	161.82797
1464.073	160.36053
1464.5494	154.24004
1465.0258	157.41597
1465.5022	158.01884
1465.9785	155.20148
1466.455	157.8293
1466.9313	150.92554
1467.4077	167.34329
1467.884	150.48729
1468.3605	161.13438
1468.8368	156.93457
1469.3132	164.02586
1469.7896	154.92734
1470.266	154.53458
1470.7423	159.01108
1471.2188	165.39409
1471.6951	158.14468
1472.1715	162.67694
1472.6478	164.30704
1473.1243	168.98137
1473.6006	160.11075
1474.077	163.49597
1474.5533	155.52591
1475.0298	168.2281
1475.5061	168.0141
1475.9825	170.4063
1476.4589	175.49448
1476.9353	170.33955
1477.4116	169.56813
1477.8881	170.3313
1478.3644	174.04472
1478.8408	160.45676
1479.3171	165.96248
1479.7936	168.8349
1480.2699	165.64496
1480.7463	169.63638
1481.2227	159.6207
1481.6991	167.34441
1482.1754	166.13217
1482.6519	171.17978
1483.1282	167.2507
1483.6046	161.49831
1484.0809	167.98354
1484.5574	166.93741
1485.0337	167.22102
1485.5101	166.38815
1485.9865	168.78461
1486.4629	162.47981
1486.9392	178.2495
1487.4156	169.16565
1487.892	170.78194
1488.3684	174.10948
1488.8447	169.04918
1489.3212	169.02051
1489.7975	173.78186
1490.2739	167.31442
1490.7502	170.21571
1491.2267	168.73691
1491.703	163.40129
1492.1794	165.58592
1492.6558	174.05611
1493.1322	171.63474
1493.6085	170.7285
1494.085	180.50539
1494.5613	174.42792
1495.0377	171.29576
1495.514	177.24788
1495.9905	174.82681
1496.4668	177.05325
1496.9432	182.89471
1497.4196	176.03514
1497.896	170.99925
1498.3723	178.94225
1498.8488	175.72289
1499.3251	173.99188
1499.8015	175.09583
1500.2778	182.79878
1500.7543	185.20145
1501.2306	180.9299
1501.707	175.75945
1502.1833	177.30609
1502.6598	174.15442
1503.1361	171.67868
1503.6125	176.61076
1504.0889	181.68388
1504.5653	183.51326
1505.0416	182.59433
1505.5181	184.6906
1505.9944	181.82735
1506.4708	182.79451
1506.9471	185.86833
1507.4236	176.60063
1507.8999	179.77971
1508.3763	186.66902
1508.8527	182.29575
1509.3291	185.61179
1509.8054	186.99283
1510.2819	183.10005
1510.7582	182.58223
1511.2346	175.67163
1511.7109	176.31413
1512.1874	183.77338
1512.6637	187.98012
1513.1401	182.32568
1513.6165	179.47296
1514.0929	181.64343
1514.5692	180.84665
1515.0457	182.83302
1515.522	175.03102
1515.9984	172.13403
1516.4747	188.2366
1516.9512	191.44493
1517.4275	187.0506
1517.9039	191.26233
1518.3802	182.42963
1518.8567	183.83849
1519.333	183.72211
1519.8094	188.77744
1520.2859	191.48784
1520.7622	185.38553
1521.2386	182.33623
1521.715	180.18575
1522.1914	184.27432
1522.6677	182.3344
1523.1442	189.43962
1523.6205	194.28249
1524.0969	191.77217
1524.5732	185.84198
1525.0497	184.75493
1525.526	189.6024
1526.0024	189.91252
1526.4788	189.57944
1526.9552	192.754
1527.4315	194.58858
1527.908	196.07396
1528.3843	186.22839
1528.8607	187.97026
1529.337	190.88829
1529.8135	188.85188
1530.2898	186.97038
1530.7662	191.94948
1531.2426	190.45306
1531.719	180.53192
1532.1953	183.23767
1532.6718	192.57231
1533.1481	189.52371
1533.6245	189.59341
1534.1008	188.7878
1534.5773	189.93973
1535.0536	198.02902
1535.53	192.84659
1536.0063	190.38107
1536.4828	191.64273
1536.9591	191.46979
1537.4355	188.97498
1537.9119	193.40193
1538.3883	196.9521
1538.8646	194.8403
1539.3411	186.53699
1539.8174	191.3307
1540.2938	195.78685
1540.7701	196.81612
1541.2466	199.61406
1541.7229	194.41788
1542.1993	193.62691
1542.6757	193.78003
1543.1521	199.21359
1543.6284	199.61707
1544.1049	184.73502
1544.5812	185.58342
1545.0576	189.14236
1545.5339	195.05215
1546.0104	196.26512
1546.4867	196.16057
1546.9631	189.75031
1547.4395	195.91988
1547.9159	201.25429
1548.3922	195.38989
1548.8687	197.74945
1549.345	198.80591
1549.8214	202.14314
1550.2977	188.17421
1550.7742	194.38988
1551.2505	190.06706
1551.7269	190.87596
1552.2032	198.4559
1552.6797	192.2411
1553.156	195.84727
1553.6324	192.61551
1554.1088	193.23236
1554.5852	191.5396
1555.0615	200.53784
1555.538	205.44759
1556.0143	197.69725
1556.4907	190.63701
1556.967	193.85281
1557.4435	192.93137
1557.9198	192.44333
1558.3962	195.17053
1558.8726	197.78819
1559.349	196.97086
1559.8253	199.03569
1560.3018	194.07835
1560.7781	197.91222
1561.2545	195.8116
1561.7308	196.63358
1562.2073	198.03589
1562.6836	196.06363
1563.16	200.17183
1563.6364	200.59642
1564.1128	201.92935
1564.5891	198.5294
1565.0656	198.47581
1565.5419	197.2205
1566.0183	207.36377
1566.4946	205.61537
1566.9711	207.25774
1567.4474	197.7663
1567.9238	190.07571
1568.4001	203.61134
1568.8766	197.77388
1569.3529	195.96744
1569.8293	196.72366
1570.3057	196.57329
1570.7821	195.88452
1571.2584	201.70999
1571.7349	202.43538
1572.2112	198.61407
1572.6876	196.40544
1573.1639	189.13408
1573.6404	192.65323
1574.1167	202.14009
1574.5931	199.52751
1575.0695	205.18381
1575.5459	198.57114
1576.0222	194.39597
1576.4987	197.48277
1576.975	198.04468
1577.4514	201.60612
1577.9277	191.3372
1578.4042	198.86029
1578.8805	193.60954
1579.3569	193.91023
1579.8333	203.91119
1580.3097	199.43219
1580.786	202.42641
1581.2625	194.96547
1581.7388	194.17218
1582.2152	193.99181
1582.6915	189.46715
1583.168	191.51286
1583.6443	197.55716
1584.1207	199.16534
1584.597	198.17386
1585.0735	188.49866
1585.5498	188.36346
1586.0262	196.12144
1586.5026	198.40944
1586.979	200.0018
1587.4553	196.95311
1587.9318	188.94298
1588.4081	190.55257
1588.8845	186.95485
1589.3608	195.80414
1589.8373	186.5312
1590.3136	188.70097
1590.79	196.03777
1591.2664	190.18544
1591.7428	186.84842
1592.2191	193.03929
1592.6956	195.55884
1593.1719	200.76997
1593.6483	190.42168
1594.1246	180.1089
1594.6011	185.98546
1595.0774	189.30695
1595.5538	178.88254
1596.0302	186.92145
1596.5066	180.18187
1596.9829	186.62029
1597.4594	187.82397
1597.9357	188.72301
1598.4121	185.04659
1598.8884	180.20248
1599.3649	177.78665
1599.8412	179.7347
1600.3176	184.01982
1600.7939	183.60631
1601.2704	183.0629
1601.7467	183.32915
1602.2231	186.17331
1602.6995	183.10585
1603.1759	178.57007
1603.6522	183.98808
1604.1287	184.83322
1604.605	174.42801
1605.0814	174.32117
1605.5577	177.58644
1606.0342	177.50121
1606.5105	175.7258
1606.9869	174.77614
1607.4633	176.32529
1607.9397	174.21529
1608.416	178.57381
1608.8925	175.94766
1609.3688	166.93008
1609.8452	176.56572
1610.3215	168.54544
1610.798	179.75435
1611.2743	168.47479
1611.7507	176.39386
1612.2271	175.15692
1612.7035	172.01248
1613.1798	174.29997
1613.6563	168.99654
1614.1326	171.23547
1614.609	176.78226
1615.0853	163.67604
1615.5618	167.96742
1616.0381	174.78464
1616.5145	172.08992
1616.9908	164.52711
1617.4673	165.98611
1617.9436	164.20189
1618.42	161.28702
1618.8964	157.76872
1619.3728	155.9209
1619.8491	164.3414
1620.3256	166.68617
1620.8019	162.24063
1621.2783	161.78185
1621.7546	164.09761
1622.2311	157.13005
1622.7074	166.7486
1623.1838	155.25943
1623.6602	152.3362
1624.1366	154.23012
1624.6129	153.57428
1625.0894	157.91718
1625.5657	148.03416
1626.0421	154.99744
1626.5184	152.6292
1626.9949	153.61696
1627.4712	153.18602
1627.9476	146.55339
1628.424	146.55045
1628.9004	146.13034
1629.3767	149.11311
1629.8531	151.52039
1630.3295	152.04395
1630.8059	147.84956
1631.2822	148.84749
1631.7587	142.31508
1632.235	137.92444
1632.7114	141.72501
1633.1877	144.02896
1633.6642	137.61256
1634.1405	135.81738
1634.6169	140.79141
1635.0933	138.80754
1635.5697	146.56085
1636.046	142.61954
1636.5225	141.33521
1636.9988	135.40253
1637.4752	133.59352
1637.9515	132.63712
1638.428	137.2328
1638.9043	134.18359
1639.3807	135.62892
1639.8571	135.30783
1640.3335	133.00787
1640.8098	135.23366
1641.2863	140.23549
1641.7626	134.59595
1642.239	134.70689
1642.7153	127.6391
1643.1918	129.31071
1643.6681	124.79977
1644.1445	128.62828
1644.6208	130.09138
1645.0973	127.8704
1645.5736	130.96793
1646.05	125.74405
1646.5264	127.74095
1647.0028	122.90231
1647.4791	121.62326
1647.9556	125.97658
1648.4319	124.33368
1648.9083	129.36855
1649.3846	120.87109
1649.8611	122.96771
1650.3374	121.95496
1650.8138	120.68407
1651.2902	128.17972
1651.7666	117.04095
1652.2429	120.16792
1652.7194	119.53624
1653.1957	120.13327
1653.6721	117.68327
1654.1484	121.98653
1654.6249	120.17825
1655.1012	115.61552
1655.5776	112.90681
1656.054	116.80293
1656.5304	115.35287
1657.0067	115.35811
1657.4832	114.32102
1657.9595	110.31417
1658.4359	115.37746
1658.9122	115.58616
1659.3887	114.11314
1659.865	113.20808
1660.3414	113.43451
1660.8177	110.6748
1661.2942	108.67519
1661.7705	113.45184
1662.2469	112.01647
1662.7233	110.85958
1663.1997	115.25803
1663.676	111.74065
1664.1525	116.41452
1664.6288	110.73441
1665.1052	109.54348
1665.5815	109.95666
1666.058	106.48655
1666.5343	101.98878
1667.0107	109.64563
1667.4871	101.22454
1667.9635	105.77629
1668.4398	106.41053
1668.9163	102.48864
1669.3926	106.30624
1669.869	107.75699
1670.3453	100.85929
1670.8218	101.33778
1671.2981	101.49951
1671.7745	102.36281
1672.2509	102.92246
1672.7273	101.00609
1673.2036	99.244179
1673.6801	98.871956
1674.1564	100.9628
1674.6328	99.79995
1675.1091	101.88667
1675.5856	104.00673
1676.0619	99.391724
1676.5383	98.243576
1677.0146	96.772217
1677.4911	103.76837
1677.9674	100.00737
1678.4438	98.34729
1678.9202	102.11959
1679.3966	99.111443
1679.8729	96.756462
1680.3494	96.790932
1680.8257	96.237587
1681.3021	97.357552
1681.7784	96.868446
1682.2549	96.881073
1682.7312	94.305771
1683.2076	95.246307
1683.684	90.467827
1684.1604	95.82798
1684.6367	97.568092
1685.1132	91.403969
1685.5895	92.092896
1686.0659	95.058899
1686.5422	94.536896
1687.0187	94.850021
1687.495	96.710533
1687.9714	88.580597
1688.4478	89.736969
1688.9242	92.238403
1689.4005	94.464012
1689.877	91.491043
1690.3533	89.903351
1690.8297	92.303207
1691.306	90.651718
1691.7825	89.049461
1692.2588	88.533539
1692.7352	85.55825
1693.2115	87.04763
1693.688	89.538383
1694.1643	90.729012
1694.6407	88.997368
1695.1171	85.361221
1695.5935	92.631729
1696.0698	88.619087
1696.5463	92.805557
1697.0226	89.486137
1697.499	89.013847
1697.9753	89.230606
1698.4518	85.385483
1698.9281	85.55217
1699.4045	88.256233
1699.8809	87.586845
1700.3573	87.948593
1700.8336	89.635536
1701.3101	89.912514
1701.7864	87.279282
1702.2628	85.003212
1702.7391	85.263954
1703.2156	85.876099
1703.6919	83.875633
1704.1683	86.803917
1704.6447	86.728294
1705.1211	86.058693
1705.5974	87.355972
1706.0739	84.900162
1706.5502	80.637238
1707.0266	84.361465
1707.5029	83.525757
1707.9794	84.053284
1708.4557	82.337799
1708.9321	85.4543
1709.4084	91.14978
1709.8849	86.92215
1710.3612	84.570045
1710.8376	83.412804
1711.314	82.290352
1711.7904	81.541809
1712.2667	82.715439
1712.7432	79.633217
1713.2195	85.951141
1713.6959	83.250412
1714.1722	82.481071
1714.6487	85.039452
1715.125	79.984901
1715.6014	82.837784
1716.0778	82.78138
1716.5542	80.373878
1717.0305	81.147095
1717.507	85.812073
1717.9833	86.284378
1718.4597	85.54258
1718.936	83.522171
1719.4125	85.948494
1719.8888	84.001266
1720.3652	86.222893
1720.8416	81.258926
1721.318	85.797333
1721.7943	86.356789
1722.2708	81.643791
1722.7471	81.900467
1723.2235	84.665802
1723.6998	82.712448
1724.1763	77.930313
1724.6526	85.510536
1725.129	80.678337
1725.6053	82.914742
1726.0818	80.257607
1726.5581	82.520615
1727.0345	83.60775
1727.5109	83.161018
1727.9873	82.026398
1728.4636	79.852806
1728.9401	79.557121
1729.4164	81.967468
1729.8928	82.333267
1730.3691	80.759209
1730.8456	82.464478
1731.3219	80.321259
1731.7983	77.131676
1732.2747	78.589424
1732.7511	82.956642
1733.2274	77.613785
1733.7039	77.701279
1734.1802	84.820892
1734.6566	78.005539
1735.1329	81.273598
1735.6094	76.485023
1736.0857	77.612999
1736.5621	82.648224
1737.0385	78.083893
1737.5149	80.135674
1737.9912	79.060684
1738.4677	82.673546
1738.944	80.818054
1739.4204	78.196075
1739.8967	81.327103
1740.3732	83.348007
1740.8495	81.936882
1741.3259	80.228569
1741.8022	78.339294
1742.2787	75.791992
1742.755	80.438339
1743.2314	78.710976
1743.7078	80.364357
1744.1842	84.366287
1744.6605	79.277649
1745.137	82.659081
1745.6133	80.965919
1746.0897	86.633614
1746.566	80.978714
1747.0425	78.989067
1747.5188	80.816315
1747.9952	79.878242
1748.4716	86.393486
1748.948	83.750748
1749.4243	81.343941
1749.9008	80.725319
1750.3771	79.402336
1750.8535	78.562187
1751.3298	78.299904
1751.8063	77.471191
1752.2826	78.651169
1752.759	79.299652
1753.2354	76.449333
1753.7118	73.981415
1754.1881	73.893852
1754.6646	75.340942
1755.1409	79.801086
1755.6173	80.485443
1756.0936	77.369576
1756.5701	75.32383
1757.0464	81.315834
1757.5228	77.226616
1757.9991	73.879845
1758.4756	76.013603
1758.9519	79.151482
1759.4283	76.30442
1759.9047	77.388115
1760.3811	79.938622
1760.8575	76.974472
1761.3339	78.252113
1761.8103	75.534714
1762.2866	76.317184
1762.7631	76.441803
1763.2394	78.109406
1763.7158	79.383675
1764.1921	77.296776
1764.6686	75.734634
1765.1449	75.162796
1765.6213	77.824181
1766.0977	78.460411
1766.5741	76.318054
1767.0504	74.115547
1767.5269	80.55938
1768.0032	77.925903
1768.4796	78.261375
1768.9559	75.625031
1769.4324	80.068283
1769.9087	77.450516
1770.3851	78.616623
1770.8615	77.468391
1771.3379	78.313042
1771.8142	77.391251
1772.2906	77.829727
1772.767	74.119789
1773.2434	73.179115
1773.7197	75.446968
1774.1962	76.753647
1774.6725	77.666924
1775.1489	70.453766
1775.6252	74.208588
1776.1017	71.393456
1776.578	74.583855
1777.0544	78.433586
1777.5308	71.912132
1778.0072	76.035164
1778.4835	74.66523
1778.96	75.687958
1779.4363	76.542206
1779.9127	71.765862
1780.389	70.057167
1780.8655	73.857086
1781.3418	72.00251
1781.8182	70.552238
1782.2946	72.508575
1782.771	74.491371
1783.2473	73.726341
1783.7238	76.12101
1784.2001	75.908623
1784.6765	74.511047
1785.1528	76.251572
1785.6293	75.275887
1786.1056	74.109077
1786.582	75.142609
1787.0583	75.061745
1787.5348	71.990562
1788.0111	70.852219
1788.4875	71.970291
1788.9639	74.645714
1789.4403	73.295563
1789.9166	72.345741
1790.3931	76.84903
1790.8694	71.702484
1791.3458	69.034996
1791.8221	70.988838
1792.2986	70.340332
1792.7749	72.384987
1793.2513	76.142448
1793.7277	71.161827
1794.2041	72.733566
1794.6804	73.143402
1795.1569	71.027122
1795.6332	70.372475
1796.1096	69.617241
1796.5859	70.232536
1797.0624	76.065491
1797.5387	67.878288
1798.0151	70.578842
1798.4915	71.43676
1798.9679	74.577751
1799.4442	70.38446
1799.9207	73.785324
1800.397	75.029381
1800.8734	72.083328
1801.3497	74.555695
1801.8262	73.031517
1802.3025	72.306801
1802.7789	70.724289
1803.2552	72.897415
1803.7317	70.903847
1804.208	71.027191
1804.6844	72.997086
1805.1608	76.541847
1805.6372	75.635254
1806.1135	75.284828
1806.59	70.98333
1807.0663	69.273056
1807.5427	74.48243
1808.019	74.51104
1808.4955	72.804337
1808.9718	74.666809
1809.4482	71.074501
1809.9246	71.289009
1810.401	71.690536
1810.8773	71.930016
1811.3538	70.73587
1811.8301	70.042442
1812.3065	73.799294
1812.7828	75.51609
1813.2593	77.203552
1813.7356	70.152222
1814.212	77.635208
1814.6884	73.348579
1815.1648	75.875938
1815.6411	72.495644
1816.1176	72.57653
1816.5939	70.891006
1817.0703	68.031616
1817.5466	74.348938
1818.0231	73.167442
1818.4994	74.408524
1818.9758	70.144028
1819.4521	70.604134
1819.9286	73.601418
1820.4049	72.857002
1820.8813	71.418655
1821.3577	70.208794
1821.8341	73.258766
1822.3104	71.826988
1822.7869	74.567894
1823.2632	71.27034
1823.7396	78.254036
1824.2159	69.147011
1824.6924	69.627235
1825.1687	71.130196
1825.6451	70.474434
1826.1215	70.99102
1826.5979	73.692322
1827.0742	73.048981
1827.5507	72.509888
1828.027	74.621651
1828.5034	72.00573
1828.9797	70.7994
1829.4562	70.316429
1829.9325	69.365639
1830.4089	73.795204
1830.8853	70.125557
1831.3617	73.741333
1831.838	71.594048
1832.3145	77.216179
1832.7908	70.852913
1833.2672	72.436333
1833.7435	71.524086
1834.22	72.578217
1834.6963	68.651436
1835.1727	70.140518
1835.649	69.754524
1836.1255	72.759361
1836.6018	72.53595
1837.0782	71.576935
1837.5546	70.330101
1838.031	74.005608
1838.5073	74.934662
1838.9838	71.739647
1839.4601	68.139412
1839.9365	69.42968
1840.4128	68.520416
1840.8893	72.431686
1841.3656	72.256569
1841.842	74.828262
1842.3184	69.048042
1842.7948	68.541985
1843.2711	70.354622
1843.7476	70.436378
1844.2239	72.060616
1844.7003	72.26236
1845.1766	70.269279
1845.6531	71.040268
1846.1294	74.225418
1846.6058	70.249367
1847.0822	74.731636
1847.5586	70.822281
1848.0349	73.966812
1848.5114	76.378456
1848.9877	74.437012
1849.4641	71.595032
1849.9404	74.551804
1850.4169	72.033417
1850.8932	73.515053
1851.3696	73.408661
1851.8459	75.086891
1852.3224	73.217796
1852.7987	67.437157
1853.2751	74.302322
1853.7515	75.917091
1854.2279	74.136139
1854.7042	71.212677
1855.1807	68.747643
1855.657	70.305771
1856.1334	73.767067
1856.6097	79.117256
1857.0862	71.02877
1857.5625	71.389259
1858.0389	69.157677
1858.5153	74.855171
1858.9917	72.693161
1859.468	69.910858
1859.9445	73.508514
1860.4208	74.066948
1860.8972	71.555107
1861.3735	73.587212
1861.85	72.017319
1862.3263	71.244255
1862.8027	71.297981
1863.2791	71.495392
1863.7555	74.350967
1864.2318	69.513756
1864.7083	62.560341
1865.1846	73.344643
1865.661	74.979324
1866.1373	73.703346
1866.6138	73.648972
1867.0901	73.471092
1867.5665	74.91362
1868.0428	74.303986
1868.5193	72.794334
1868.9956	71.586876
1869.472	69.388931
1869.9484	72.483414
1870.4248	73.915176
1870.9011	73.504723
1871.3776	75.83252
1871.8539	75.092789
1872.3303	68.736298
1872.8066	69.879311
1873.2831	72.496353
1873.7594	73.318726
1874.2358	70.474861
1874.7122	71.547813
1875.1886	73.364204
1875.6649	73.853615
1876.1414	73.234123
1876.6177	69.391838
1877.0941	71.751259
1877.5704	73.173599
1878.0469	71.930832
1878.5232	77.191109
1878.9996	73.352837
1879.476	73.151611
1879.9524	78.479767
1880.4287	72.920433
1880.9052	72.181252
1881.3815	73.946953
1881.8579	79.131592
1882.3342	75.34935
1882.8107	74.921211
1883.287	77.351776
1883.7634	75.729424
1884.2397	75.540863
1884.7162	71.110664
1885.1925	72.650887
1885.6689	73.032494
1886.1453	67.858757
1886.6217	71.058983
1887.098	76.868217
1887.5745	69.990875
1888.0508	72.335136
1888.5272	73.091599
1889.0035	72.224442
1889.48	71.900276
1889.9563	73.091583
1890.4327	72.247276
1890.9091	69.726418
1891.3855	69.561325
1891.8618	74.631325
1892.3383	73.348648
1892.8146	76.680161
1893.291	74.539986
1893.7673	74.192612
1894.2438	73.45652
1894.7201	73.387161
1895.1965	79.250885
1895.6729	75.756447
1896.1493	75.369781
1896.6256	74.514351
1897.1021	73.381905
1897.5784	70.799141
1898.0548	72.627655
1898.5311	74.605713
1899.0076	71.997368
1899.4839	69.152229
1899.9603	74.23217
1900.4366	75.757805
1900.9131	73.708885
1901.3894	72.584419
1901.8658	77.409081
1902.3422	74.984329
1902.8186	74.370338
1903.2949	70.645607
1903.7714	72.474564
1904.2477	72.346291
1904.7241	72.498131
1905.2004	72.04924
1905.6769	77.833359
1906.1532	77.381378
1906.6296	72.073273
1907.106	76.610718
1907.5824	78.001007
1908.0587	77.113686
1908.5352	72.261009
1909.0115	70.850487
1909.4879	70.78244
1909.9642	73.702393
1910.4407	75.10862
1910.917	72.442268
1911.3934	73.642975
1911.8698	74.553055
1912.3462	70.93573
1912.8225	71.285744
1913.299	73.533813
1913.7753	75.150864
1914.2517	75.180573
1914.728	73.782654
1915.2045	71.164001
1915.6808	67.575623
1916.1572	71.558105
1916.6335	75.18811
1917.11	76.929398
1917.5863	75.412796
1918.0627	75.317123
1918.5391	76.309669
1919.0155	77.269829
1919.4918	72.473251
1919.9683	74.319138
1920.4446	78.193886
1920.921	73.329819
1921.3973	73.305923
1921.8738	72.619392
1922.3501	74.795479
1922.8265	71.850044
1923.3029	69.245087
1923.7793	71.524757
1924.2556	73.331001
1924.7321	74.455093
1925.2084	71.776321
1925.6848	72.091682
1926.1611	72.841476
1926.6376	70.531784
1927.1139	76.476044
1927.5903	71.252998
1928.0667	70.689278
1928.5431	75.136505
1929.0194	72.684334
1929.4958	75.56572
1929.9722	76.664139
1930.4486	76.570587
1930.9249	78.001778
1931.4014	75.247932
1931.8777	73.258621
1932.3541	74.43718
1932.8304	72.229965
1933.3069	75.967644
1933.7832	74.294342
1934.2596	69.208488
1934.736	74.503296
1935.2124	78.497643
1935.6887	73.222153
1936.1652	74.219498
1936.6415	72.762955
1937.1179	71.097382
1937.5942	68.558701
1938.0707	68.8815
1938.547	73.564438
1939.0234	77.234222
1939.4998	74.82074
1939.9762	71.798836
1940.4525	71.167648
1940.929	73.842171
1941.4053	73.154274
1941.8817	76.73819
1942.358	75.463348
1942.8345	74.08239
1943.3108	73.264915
1943.7872	69.286743
1944.2635	68.220612
1944.74	75.839394
1945.2163	71.671326
1945.6927	76.257622
1946.1691	73.904152
1946.6455	74.430962
1947.1218	71.78286
1947.5983	75.907097
1948.0746	73.054619
1948.551	75.551338
1949.0273	76.008102
1949.5038	70.871437
1949.9801	74.821205
1950.4565	74.281723
1950.9329	78.267143
1951.4093	73.222588
1951.8856	72.819176
1952.3621	75.051865
1952.8384	71.261848
1953.3148	74.038223
1953.7911	77.657143
1954.2676	73.163292
1954.7439	73.640305
1955.2203	72.903587
1955.6967	71.727463
1956.1731	68.400444
1956.6494	69.465042
1957.1259	70.828041
1957.6022	76.131859
1958.0786	78.757744
1958.5549	77.348602
1959.0314	75.127159
1959.5077	74.74173
1959.9841	78.741867
1960.4604	78.659691
1960.9369	76.602585
1961.4132	70.544693
1961.8896	71.538231
1962.366	71.193718
1962.8424	77.987541
1963.3187	75.653336
1963.7952	69.30909
1964.2715	75.018425
1964.7479	77.452629
1965.2242	74.150269
1965.7007	72.02317
1966.177	76.345924
1966.6534	77.896576
1967.1298	76.36039
1967.6062	75.097588
1968.0825	69.885117
1968.559	75.685509
1969.0353	72.878807
1969.5117	75.278427
1969.988	74.329224
1970.4645	75.21489
1970.9408	74.565186
1971.4172	77.555763
1971.8936	77.679482
1972.37	76.005913
1972.8463	73.208496
1973.3228	77.657677
1973.7991	71.4897
1974.2755	71.679321
1974.7518	71.110008
1975.2283	75.265511
1975.7046	74.329819
1976.181	73.61496
1976.6573	72.414185
1977.1338	71.032707
1977.6101	74.807465
1978.0865	71.404182
1978.5629	71.366463
1979.0393	77.201164
1979.5156	76.767235
1979.9921	79.322662
1980.4684	73.279076
1980.9448	77.276299
1981.4211	73.267609
1981.8976	76.402054
1982.3739	71.002296
1982.8503	73.862762
1983.3267	73.655495
1983.8031	73.762009
1984.2794	72.360367
1984.7559	73.969727
1985.2322	73.280937
1985.7086	74.007896
1986.1849	77.559433
1986.6614	72.239517
1987.1377	74.706848
1987.6141	75.082108
1988.0905	72.534592
1988.5669	78.127167
1989.0432	78.186798
1989.5197	74.355156
1989.996	68.926033
1990.4724	71.143883
1990.9487	80.196136
1991.4252	74.680908
1991.9015	80.244385
1992.3779	71.595459
1992.8542	74.779625
1993.3307	73.067604
1993.807	74.812157
1994.2834	76.871819
1994.7598	75.877518
1995.2362	74.05928
1995.7125	76.358505
1996.189	72.53775
1996.6653	73.831146
1997.1417	73.678726
1997.618	74.704338
1998.0945	72.277214
1998.5708	73.60878
1999.0472	73.513245
1999.5236	74.024719
2000	67.89193
